sig <- c(12,21,54,10)